46802
65535
57298
65535
15059
65535
51155
65535
2260
65535
40660
65535
26581
65535
29141
65535
60116
65535
9173
65535
25301
65535
4822
65535
42454
65535
56278
65535
60118
65535
38358
65535
47574
65535
63958
65535
28375
65535
10200
65535
57560
65535
60632
65535
47576
65535
32472
65535
32984
65535
44504
65535
11737
65535
50137
65535
14809
65535
40921
65535
52441
65535
40409
65535
37849
65535
55769
65535
36057
65535
13529
65535
58841
65535
60633
65535
9945
65535
8665
65535
31704
65535
23512
65535
31192
65535
38616
65535
39640
65535
65239
65535
58326
65535
41942
65535
35542
65535
32214
65535
7382
65535
51413
65535
13269
65535
18133
65535
32213
65535
50644
65535
39892
65535
61140
65535
64212
65535
45012
65535
26323
65535
6867
65535
60370
65535
55250
65535
29395
65535
42450
65535
47825
65535
25297
65535
6865
65535
65232
65535
48080
65535
15057
65535
21457
65535
7376
65535
63439
65535
9936
65535
9680
65535
45008
65535
14032
65535
35791
65535
22736
65535
34768
65535
10960
65535
19664
65535
28368
65535
30928
65535
59856
65535
15569
65535
19409
65535
3025
65535
26321
65535
466
65535
24786
65535
31698
65535
30675
65535
17363
65535
28627
65535
8660
65535
7892
65535
4308
65535
55251
65535
34260
65535
5333
65535
10453
65535
31701
65535
10710
65535
5846
65535
7638
65535
38102
65535
11223
65535
17623
65535
25047
65535
39639
65535
40407
65535
7128
65535
7640
65535
32984
65535
64984
65535
13529
65535
31193
65535
9689
65535
19417
65535
32729
65535
46553
65535
8153
65535
35033
65535
30425
65535
36825
65535
57561
65535
20697
65535
53976
65535
22489
65535
32729
65535
34009
65535
23256
65535
20184
65535
64216
65535
2776
65535
51159
65535
33495
65535
16855
65535
21463
65535
1495
65535
56022
65535
52181
65535
32213
65535
59605
65535
7637
65535
16597
65535
6101
65535
18388
65535
15316
65535
6100
65535
31443
65535
45523
65535
56018
65535
5586
65535
25042
65535
23506
65535
42449
65535
37585
65535
24273
65535
25297
65535
64720
65535
56528
65535
30161
65535
209
65535
43728
65535
60623
65535
2001
65535
1489
65535
29648
65535
2512
65535
10448
65535
45775
65535
54223
65535
58576
65535
37584
65535
17616
65535
11217
65535
22993
65535
44753
65535
49361
65535
10706
65535
6354
65535
29649
65535
42449
65535
5842
65535
13010
65535
26066
65535
60882
65535
38099
65535
57811
65535
50899
65535
27348
65535
11477
65535
63700
65535
43988
65535
55764
65535
14806
65535
37846
65535
6871
65535
30679
65535
38615
65535
39383
65535
64727
65535
38359
65535
31959
65535
64983
65535
59096
65535
57048
65535
53208
65535
54488
65535
26841
65535
61401
65535
64729
65535
27865
65535
43225
65535
35802
65535
28634
65535
27865
65535
13529
65535
17625
65535
23257
65535
63448
65535
8665
65535
12248
65535
45528
65535
34008
65535
28888
65535
47064
65535
39384
65535
8663
65535
43478
65535
53718
65535
28886
65535
16086
65535
11990
65535
46805
65535
64212
65535
9685
65535
45269
65535
15061
65535
23764
65535
22996
65535
27604
65535
64723
65535
6355
65535
51923
65535
3027
65535
16338
65535
27090
65535
24786
65535
26321
65535
5841
65535
22481
65535
24529
65535
19409
65535
49872
65535
4561
65535
53712
65535
42192
65535
21200
65535
22480
65535
13776
65535
19664
65535
47568
65535
8401
65535
5073
65535
49104
65535
22224
65535
19408
65535
54735
65535
40912
65535
12241
65535
62160
65535
4561
65535
34257
65535
61904
65535
33489
65535
10194
65535
25810
65535
28114
65535
43474
65535
62162
65535
53714
65535
10195
65535
1492
65535
28116
65535
55252
65535
21973
65535
12245
65535
9941
65535
4310
65535
727
65535
28375
65535
37847
65535
45783
65535
15575
65535
47831
65535
42199
65535
12248
65535
20184
65535
42200
65535
52184
65535
10969
65535
37081
65535
27865
65535
52953
65535
6362
65535
63193
65535
730
65535
26841
65535
24537
65535
16345
65535
26585
65535
61400
65535
473
65535
13273
65535
43737
65535
18649
65535
24537
65535
21465
65535
42712
65535
51416
65535
22744
65535
35543
65535
52439
65535
37079
65535
34006
65535
2519
65535
37334
65535
17110
65535
2006
65535
7382
65535
25045
65535
25301
65535
54740
65535
33748
65535
24020
65535
34259
65535
14035
65535
53458
65535
28626
65535
3795
65535
16338
65535
2514
65535
40145
65535
36305
65535
48337
65535
31441
65535
31952
65535
29904
65535
38352
65535
49104
65535
36560
65535
720
65535
7120
65535
63183
65535
55503
65535
29648
65535
28368
65535
7632
65535
14800
65535
45776
65535
64720
65535
47312
65535
25808
65535
31440
65535
29905
65535
25809
65535
978
65535
2258
65535
62673
65535
1746
65535
15314
65535
20434
65535
28626
65535
5331
65535
14291
65535
4052
65535
48340
65535
19669
65535
26325
65535
50900
65535
7893
65535
34005
65535
9942
65535
54998
65535
34519
65535
63702
65535
9431
65535
20440
65535
57815
65535
20184
65535
20696
65535
26072
65535
62680
65535
13017
65535
57304
65535
25304
65535
48088
65535
31961
65535
20441
65535
15321
65535
1242
65535
32985
65535
45785
65535
13018
65535
11738
65535
37593
65535
59864
65535
44760
65535
52952
65535
56024
65535
35288
65535
15832
65535
4824
65535
42199
65535
44759
65535
59095
65535
46807
65535
12503
65535
44758
65535
52694
65535
64726
65535
4054
65535
25302
65535
46037
65535
724
65535
724
65535
212
65535
62675
65535
16084
65535
38867
65535
51410
65535
39890
65535
15058
65535
12498
65535
57297
65535
36818
65535
2258
65535
56785
65535
42961
65535
11729
65535
63440
65535
36048
65535
29904
65535
17104
65535
35536
65535
20944
65535
4048
65535
4560
65535
2000
65535
37584
65535
65488
65535
976
65535
50127
65535
26832
65535
27600
65535
57040
65535
52432
65535
20689
65535
13265
65535
43984
65535
30161
65535
19410
65535
9938
65535
17106
65535
6354
65535
45522
65535
43730
65535
58066
65535
33747
65535
9172
65535
49108
65535
18388
65535
6613
65535
64980
65535
36052
65535
31957
65535
54997
65535
50902
65535
35287
65535
49110
65535
61142
65535
27607
65535
29400
65535
58583
65535
51415
65535
11736
65535
33752
65535
5081
65535
48088
65535
31704
65535
63192
65535
15321
65535
62169
65535
20953
65535
51929
65535
41433
65535
42969
65535
46809
65535
38617
65535
27353
65535
27097
65535
13529
65535
60632
65535
23256
65535
34264
65535
28376
65535
5592
65535
6104
65535
8663
65535
11223
65535
4567
65535
5335
65535
13271
65535
4566
65535
59349
65535
14038
65535
39381
65535
34261
65535
13781
65535
24276
65535
45779
65535
63443
65535
31955
65535
1236
65535
21203
65535
62930
65535
43474
65535
47569
65535
57553
65535
63697
65535
26833
65535
16337
65535
34256
65535
14032
65535
40400
65535
41424
65535
23760
65535
15568
65535
57551
65535
40400
65535
35536
65535
46031
65535
12752
65535
26064
65535
23248
65535
46544
65535
11217
65535
40144
65535
36304
65535
5329
65535
55760
65535
8657
65535
3025
65535
46033
65535
55249
65535
50897
65535
28882
65535
44754
65535
8659
65535
39379
65535
28115
65535
62930
65535
35539
65535
18644
65535
10708
65535
34772
65535
52692
65535
31701
65535
32469
65535
2518
65535
27862
65535
43990
65535
24790
65535
10199
65535
30679
65535
10967
65535
45783
65535
59095
65535
12247
65535
46807
65535
45272
65535
5337
65535
36313
65535
43481
65535
10969
65535
34008
65535
21465
65535
25305
65535
10457
65535
7641
65535
57561
65535
6362
65535
60633
65535
13786
65535
7898
65535
53209
65535
14041
65535
45016
65535
5336
65535
47064
65535
28632
65535
52439
65535
63703
65535
11736
65535
39383
65535
21207
65535
28631
65535
40662
65535
6102
65535
24278
65535
61140
65535
53460
65535
39892
65535
28116
65535
59091
65535
2516
65535
49619
65535
55506
65535
7635
65535
12755
65535
54226
65535
39634
65535
4562
65535
38609
65535
33489
65535
26321
65535
32465
65535
38097
65535
39633
65535
57296
65535
30672
65535
38096
65535
27856
65535
31440
65535
32976
65535
36560
65535
33487
65535
46031
65535
13007
65535
51663
65535
45519
65535
52943
65535
58063
65535
22992
65535
15825
65535
22737
65535
22481
65535
10193
65535
15314
65535
22226
65535
57297
65535
13778
65535
35282
65535
61394
65535
979
65535
9939
65535
41939
65535
56019
65535
28372
65535
52692
65535
8405
65535
30933
65535
28373
65535
20182
65535
9942
65535
10455
65535
25814
65535
64725
65535
19158
65535
31191
65535
59351
65535
13528
65535
50135
65535
984
65535
57304
65535
62936
65535
8921
65535
56537
65535
49881
65535
4313
65535
24536
65535
58072
65535
32216
65535
29401
65535
6106
65535
24281
65535
56280
65535
37849
65535
42969
65535
58840
65535
21976
65535
52440
65535
56535
65535
50903
65535
6104
65535
41431
65535
54998
65535
2263
65535
37847
65535
45014
65535
24790
65535
16086
65535
7894
65535
20437
65535
8405
65535
15060
65535
44756
65535
63700
65535
57811
65535
12755
65535
41427
65535
16595
65535
9427
65535
40658
65535
54738
65535
9426
65535
22737
65535
41937
65535
62417
65535
10449
65535
3025
65535
30160
65535
26576
65535
54480
65535
40656
65535
5584
65535
57807
65535
65487
65535
51151
65535
9424
65535
35791
65535
58063
65535
50639
65535
36048
65535
58576
65535
12241
65535
976
65535
36816
65535
48080
65535
61904
65535
63953
65535
28881
65535
37073
65535
210
65535
54226
65535
4563
65535
6867
65535
20179
65535
5075
65535
10451
65535
45523
65535
54996
65535
725
65535
34772
65535
64980
65535
48597
65535
46037
65535
9942
65535
59094
65535
50647
65535
52695
65535
23255
65535
24024
65535
8152
65535
19927
65535
61143
65535
21208
65535
37080
65535
41176
65535
58072
65535
20953
65535
20697
65535
45273
65535
61145
65535
218
65535
58585
65535
47833
65535
217
65535
63960
65535
55513
65535
56025
65535
39897
65535
1241
65535
30169
65535
48344
65535
24536
65535
55256
65535
53976
65535
4056
65535
37079
65535
28119
65535
54230
65535
27350
65535
42198
65535
64725
65535
11222
65535
15574
65535
62165
65535
36309
65535
15061
65535
50644
65535
30676
65535
55507
65535
57043
65535
37331
65535
46034
65535
56274
65535
65490
65535
24018
65535
20177
65535
5586
65535
16338
65535
63697
65535
25041
65535
59344
65535
12753
65535
54480
65535
21712
65535
51920
65535
53712
65535
14288
65535
7376
65535
22480
65535
21200
65535
21712
65535
61391
65535
40911
65535
4816
65535
36816
65535
31696
65535
39376
65535
29905
65535
58065
65535
7377
65535
65488
65535
20690
65535
29906
65535
45778
65535
44497
65535
60881
65535
6355
65535
53971
65535
29139
65535
17363
65535
3028
65535
6612
65535
63443
65535
36308
65535
26581
65535
14293
65535
58580
65535
22742
65535
36310
65535
50902
65535
17111
65535
57559
65535
33239
65535
60631
65535
12760
65535
29656
65535
38104
65535
43224
65535
38616
65535
49368
65535
12761
65535
64472
65535
63704
65535
24281
65535
63961
65535
63449
65535
11738
65535
56537
65535
64728
65535
25049
65535
58329
65535
38617
65535
41689
65535
63192
65535
41688
65535
57816
65535
60120
65535
2776
65535
16344
65535
36568
65535
18392
65535
42455
65535
62934
65535
39894
65535
24278
65535
35798
65535
19414
65535
15318
65535
52181
65535
54996
65535
39380
65535
17108
65535
31188
65535
11988
65535
27091
65535
40915
65535
63698
65535
45522
65535
20435
65535
52434
65535
43729
65535
20178
65535
20177
65535
32464
65535
22737
65535
29648
65535
4049
65535
17873
65535
2513
65535
39888
65535
27344
65535
49872
65535
49616
65535
16336
65535
23504
65535
23248
65535
31952
65535
6352
65535
15568
65535
22224
65535
41680
65535
57040
65535
9681
65535
3793
65535
53712
65535
43473
65535
25042
65535
47314
65535
61650
65535
47314
65535
42706
65535
27091
65535
58067
65535
3028
65535
28628
65535
63700
65535
8149
65535
61908
65535
56276
65535
39636
65535
19157
65535
48341
65535
44758
65535
57815
65535
17367
65535
19415
65535
35287
65535
37336
65535
10712
65535
23768
65535
21720
65535
10200
65535
20440
65535
32216
65535
27609
65535
35801
65535
14297
65535
42201
65535
17625
65535
1497
65535
28377
65535
54488
65535
5081
65535
8921
65535
28889
65535
37337
65535
6873
65535
54232
65535
23768
65535
39384
65535
37336
65535
18392
65535
45272
65535
16088
65535
61910
65535
26327
65535
63190
65535
62166
65535
10967
65535
20182
65535
52949
65535
7894
65535
21461
65535
50644
65535
1493
65535
34260
65535
22995
65535
4051
65535
9171
65535
35283
65535
64466
65535
39890
65535
32978
65535
9426
65535
55761
65535
18897
65535
15313
65535
6097
65535
64720
65535
24785
65535
40912
65535
56528
65535
51408
65535
4816
65535
53456
65535
32208
65535
63439
65535
38863
65535
28879
65535
44752
65535
3793
65535
55503
65535
50895
65535
25040
65535
6096
65535
48592
65535
50385
65535
36305
65535
40401
65535
37841
65535
35793
65535
9170
65535
210
65535
53202
65535
20179
65535
3539
65535
7891
65535
26579
65535
14804
65535
25044
65535
3797
65535
64724
65535
6358
65535
9942
65535
32213
65535
61397
65535
17878
65535
50646
65535
56022
65535
9687
65535
28631
65535
49368
65535
20440
65535
23256
65535
10456
65535
52952
65535
35801
65535
41945
65535
10457
65535
12505
65535
53721
65535
20441
65535
15833
65535
6105
65535
16601
65535
10457
65535
4313
65535
49368
65535
8921
65535
54744
65535
2521
65535
3545
65535
4313
65535
473
65535
63192
65535
18392
65535
48855
65535
29911
65535
22743
65535
23511
65535
15319
65535
42198
65535
14294
65535
13526
65535
28885
65535
29909
65535
25557
65535
17108
65535
8916
65535
30676
65535
54740
65535
12243
65535
12243
65535
57810
65535
7378
65535
14546
65535
49361
65535
23761
65535
46545
65535
56529
65535
58832
65535
55248
65535
12752
65535
15568
65535
56528
65535
10961
65535
1489
65535
36816
65535
26576
65535
3536
65535
1232
65535
16592
65535
25808
65535
31183
65535
13008
65535
29648
65535
49871
65535
5329
65535
18896
65535
47312
65535
60880
65535
8145
65535
14033
65535
57041
65535
28626
65535
56785
65535
28114
65535
21203
65535
65491
65535
49619
65535
32979
65535
9428
65535
56275
65535
6356
65535
59347
65535
6869
65535
25814
65535
8918
65535
22230
65535
43990
65535
57046
65535
64470
65535
46038
65535
7383
65535
35031
65535
28887
65535
39127
65535
54743
65535
31192
65535
38872
65535
33496
65535
10713
65535
30169
65535
46297
65535
26841
65535
45016
65535
17881
65535
33241
65535
18649
65535
985
65535
3801
65535
46808
65535
13529
65535
34777
65535
5592
65535
40408
65535
19929
65535
10200
65535
22488
65535
4568
65535
34519
65535
5591
65535
13783
65535
34007
65535
65238
65535
60374
65535
44246
65535
25557
65535
53205
65535
57557
65535
29653
65535
24277
65535
5077
65535
47060
65535
61651
65535
18899
65535
25043
65535
28371
65535
25042
65535
26834
65535
23250
65535
52945
65535
37841
65535
6609
65535
46033
65535
53712
65535
43216
65535
34512
65535
61392
65535
47056
65535
31696
65535
56784
65535
41424
65535
43984
65535
42959
65535
11216
65535
27344
65535
41424
65535
47568
65535
27344
65535
29904
65535
27088
65535
44240
65535
19921
65535
63953
65535
18129
65535
5329
65535
46801
65535
26322
65535
36818
65535
44754
65535
49362
65535
63954
65535
39122
65535
37074
65535
40915
65535
13524
65535
64980
65535
52437
65535
15318
65535
41173
65535
32725
65535
47829
65535
6614
65535
25814
65535
23255
65535
11223
65535
27351
65535
27864
65535
4056
65535
13528
65535
2777
65535
56792
65535
53720
65535
39384
65535
30425
65535
10969
65535
54488
65535
3033
65535
60888
65535
7386
65535
54233
65535
29657
65535
39129
65535
44505
65535
32729
65535
22489
65535
7129
65535
41433
65535
31193
65535
59096
65535
35544
65535
16600
65535
46039
65535
33752
65535
8920
65535
29911
65535
215
65535
40151
65535
18135
65535
43734
65535
11734
65535
25302
65535
31445
65535
30677
65535
62164
65535
39636
65535
14036
65535
14804
65535
45267
65535
20179
65535
35794
65535
14291
65535
34514
65535
1234
65535
21458
65535
44241
65535
29137
65535
30417
65535
44496
65535
45264
65535
13008
65535
51919
65535
20944
65535
55504
65535
28368
65535
36304
65535
7888
65535
208
65535
63183
65535
27600
65535
52944
65535
4561
65535
52432
65535
30160
65535
35280
65535
52688
65535
52944
65535
8145
65535
18385
65535
52945
65535
56528
65535
58321
65535
11730
65535
3794
65535
21714
65535
37074
65535
9683
65535
15571
65535
3540
65535
50644
65535
38101
65535
20949
65535
9173
65535
35541
65535
41429
65535
32982
65535
25303
65535
34518
65535
30422
65535
24279
65535
13527
65535
24279
65535
59095
65535
59607
65535
47319
65535
22232
65535
30424
65535
61144
65535
20441
65535
1241
65535
20440
65535
15577
65535
39385
65535
40153
65535
41177
65535
48857
65535
35801
65535
46553
65535
10714
65535
16858
65535
44505
65535
2521
65535
60888
65535
28376
65535
63959
65535
48599
65535
27352
65535
14808
65535
18647
65535
6871
65535
60630
65535
42710
65535
64726
65535
57301
65535
24534
65535
57301
65535
61908
65535
49876
65535
65492
65535
47316
65535
4564
65535
36563
65535
17107
65535
47570
65535
22994
65535
47058
65535
30418
65535
34257
65535
24529
65535
48337
65535
35281
65535
19921
65535
41680
65535
50640
65535
51920
65535
37072
65535
30416
65535
61903
65535
20687
65535
6352
65535
28368
65535
45008
65535
50128
65535
9936
65535
28367
65535
50639
65535
9936
65535
38864
65535
28624
65535
25552
65535
43216
65535
36816
65535
37072
65535
3794
65535
18386
65535
39634
65535
61394
65535
43218
65535
42707
65535
31955
65535
41938
65535
52691
65535
27860
65535
3284
65535
42708
65535
725
65535
469
65535
26582
65535
20438
65535
45013
65535
50902
65535
1495
65535
3031
65535
31959
65535
11736
65535
5336
65535
53720
65535
57048
65535
1240
65535
26072
65535
34521
65535
46553
65535
1497
65535
7641
65535
33753
65535
21465
65535
54745
65535
55769
65535
41177
65535
7129
65535
22232
65535
60376
65535
6873
65535
26841
65535
38361
65535
36825
65535
13017
65535
15577
65535
20184
65535
12248
65535
41176
65535
46039
65535
34775
65535
32983
65535
2775
65535
26838
65535
7894
65535
49365
65535
24021
65535
3797
65535
40149
65535
1237
65535
36308
65535
980
65535
6868
65535
45267
65535
53714
65535
16083
65535
42451
65535
10707
65535
35282
65535
31442
65535
22993
65535
21969
65535
29137
65535
43728
65535
26065
65535
22481
65535
54992
65535
37584
65535
23760
65535
8912
65535
22480
65535
59087
65535
14800
65535
16848
65535
19664
65535
40144
65535
14032
65535
9936
65535
21200
65535
3537
65535
16337
65535
25041
65535
7889
65535
50129
65535
59089
65535
47569
65535
15570
65535
11986
65535
4818
65535
1235
65535
42962
65535
51154
65535
37075
65535
1236
65535
51411
65535
13780
65535
17109
65535
40149
65535
19413
65535
34517
65535
55253
65535
18134
65535
29398
65535
58582
65535
64982
65535
15319
65535
47319
65535
47831
65535
55511
65535
11224
65535
52184
65535
54744
65535
56024
65535
20953
65535
55256
65535
14297
65535
32473
65535
14810
65535
29401
65535
15065
65535
35289
65535
29145
65535
31961
65535
56281
65535
27097
65535
8153
65535
32217
65535
38617
65535
45016
65535
19161
65535
43224
65535
4824
65535
42967
65535
49879
65535
42967
65535
30935
65535
29654
65535
56534
65535
45270
65535
20950
65535
47317
65535
48596
65535
53460
65535
51156
65535
32980
65535
59092
65535
60371
65535
26835
65535
54994
65535
35538
65535
60114
65535
52690
65535
52177
65535
22738
65535
45522
65535
21970
65535
9169
65535
62416
65535
26833
65535
60112
65535
30160
65535
22992
65535
33744
65535
9168
65535
21968
65535
25296
65535
30928
65535
34512
65535
15568
65535
36048
65535
60368
65535
27344
65535
49360
65535
39120
65535
21968
65535
48849
65535
51921
65535
41681
65535
35282
65535
6098
65535
22226
65535
58833
65535
64722
65535
20947
65535
61906
65535
37075
65535
18388
65535
13012
65535
43220
65535
60116
65535
27093
65535
23765
65535
6358
65535
48853
65535
56277
65535
64214
65535
19159
65535
4055
65535
53718
65535
1239
65535
14295
65535
44503
65535
56279
65535
53464
65535
44760
65535
32728
65535
7385
65535
16600
65535
27352
65535
65496
65535
23768
65535
19673
65535
36569
65535
4569
65535
62425
65535
36826
65535
42457
65535
55256
65535
31448
65535
49368
65535
16601
65535
5849
65535
11224
65535
16600
65535
12248
65535
26839
65535
35287
65535
41687
65535
18903
65535
29654
65535
26070
65535
36054
65535
49365
65535
33237
65535
37845
65535
12245
65535
40916
65535
53460
65535
36564
65535
33491
65535
59091
65535
32723
65535
13523
65535
9171
65535
53458
65535
36818
65535
56273
65535
47825
65535
29649
65535
37329
65535
25808
65535
53712
65535
34000
65535
21712
65535
17873
65535
977
65535
40912
65535
38608
65535
21712
65535
4816
65535
54991
65535
29136
65535
12240
65535
2512
65535
51151
65535
37327
65535
3280
65535
45520
65535
31440
65535
31696
65535
23249
65535
59601
65535
11474
65535
35026
65535
27857
65535
46033
65535
22994
65535
55506
65535
23763
65535
8147
65535
27859
65535
24532
65535
56787
65535
11988
65535
54484
65535
27348
65535
64468
65535
16853
65535
36565
65535
8918
65535
41430
65535
47062
65535
65238
65535
63959
65535
29399
65535
34007
65535
1496
65535
29144
65535
64215
65535
63704
65535
18649
65535
13273
65535
5337
65535
34265
65535
20441
65535
10713
65535
38617
65535
62681
65535
6105
65535
51672
65535
57560
65535
5337
65535
44504
65535
24793
65535
49624
65535
31448
65535
57304
65535
5336
65535
52439
65535
53463
65535
14296
65535
8919
65535
49623
65535
18903
65535
20182
65535
50901
65535
46805
65535
40405
65535
61653
65535
30933
65535
10453
65535
6101
65535
44244
65535
20948
65535
19924
65535
38611
65535
16594
65535
15826
65535
28626
65535
9938
65535
51154
65535
3026
65535
21457
65535
11729
65535
54480
65535
53968
65535
13264
65535
12496
65535
42448
65535
34256
65535
22736
65535
18384
65535
33999
65535
46287
65535
65231
65535
3024
65535
45007
65535
47568
65535
38353
65535
19921
65535
39376
65535
5584
65535
40656
65535
5841
65535
19153
65535
37841
65535
52689
65535
38097
65535
32977
65535
32466
65535
33746
65535
30419
65535
52435
65535
29139
65535
55251
65535
23252
65535
53972
65535
30420
65535
58068
65535
61653
65535
49109
65535
15062
65535
37845
65535
4054
65535
2007
65535
24023
65535
37079
65535
34263
65535
53463
65535
35288
65535
37080
65535
3801
65535
11737
65535
21976
65535
63448
65535
18393
65535
7897
65535
40665
65535
57305
65535
36313
65535
60889
65535
28121
65535
39385
65535
39384
65535
50648
65535
23257
65535
13273
65535
11737
65535
32216
65535
46807
65535
35288
65535
49368
65535
8920
65535
45783
65535
28119
65535
58838
65535
34262
65535
29398
65535
56790
65535
6614
65535
65493
65535
24533
65535
40660
65535
57556
65535
19925
65535
7125
65535
64723
65535
40148
65535
40659
65535
39634
65535
28883
65535
26579
65535
52690
65535
27346
65535
1234
65535
8914
65535
27857
65535
40913
65535
53713
65535
37329
65535
56016
65535
3025
65535
28880
65535
26576
65535
26576
65535
20176
65535
31952
65535
14288
65535
29903
65535
10192
65535
17616
65535
24528
65535
43728
65535
35280
65535
29392
65535
9936
65535
29392
65535
15313
65535
24274
65535
27090
65535
3794
65535
18897
65535
42194
65535
26067
65535
13779
65535
22995
65535
10963
65535
43731
65535
